8.49
19.75
19.78
19.83
19.76
19.75
19.77
19.82
19.80
19.76
19.68
19.69
19.68
19.69
19.57
19.62
19.73
19.79
19.74
19.74
19.61
19.76
19.68
19.78
19.67
19.69
19.60
19.74
19.75
19.75
19.69
19.66
19.71
19.79
19.72
19.82
19.65
19.71
19.67
19.73
19.73
19.63
19.83
19.72
19.78
19.73
19.72
19.74
19.75
19.58
19.67
19.77
19.80
19.74
19.75
19.72
19.79
19.70
19.63
19.76
19.61
19.68
19.73
19.61
19.74
19.62
19.61
19.71
19.65
19.83
19.79
19.81
19.76
19.72
19.85
19.80
19.78
19.69
19.79
19.77
19.68
19.83
19.81
19.76
19.80
19.83
19.64
19.79
19.81
19.74
19.66
19.64
19.68
19.76
19.68
19.86
19.81
19.75
19.79
19.77
19.78
19.79
19.77
19.68
19.80
19.76
19.74
19.79
19.85
19.70
19.77
19.68
19.68
19.81
19.82
19.86
19.79
19.83
19.72
19.81
19.78
19.71
19.80
19.78
19.80
19.78
19.71
19.69
19.75
19.60
19.75
19.77
19.82
19.64
19.78
19.84
19.66
19.76
19.84
19.81
19.85
19.93
19.85
19.84
19.82
19.83
19.82
19.81
19.86
19.79
19.76
19.75
19.76
19.69
19.68
19.71
19.76
19.91
19.81
19.74
19.85
19.84
19.71
19.80
19.77
19.79
19.83
19.78
19.86
19.82
19.74
19.77
19.81
19.73
19.80
19.70
19.85
